1000
833
9052
1015
2828
2657
4751
7587
5948
9072
2974
4303
5490
8837
3796
6374
9445
8450
7520
7243
329
7281
4509
8410
9784
4806
5403
1343
4463
9537
5993
3212
371
1398
4228
9551
4055
5331
3490
6356
4403
6465
7011
6246
5302
808
2620
4747
5610
6492
8342
5939
3773
2851
701
3558
7657
6105
1253
2120
1994
7246
1684
8717
4996
5912
8269
5404
1243
1759
8112
1999
8224
5123
8245
9878
2283
7217
977
7894
3710
9319
185
7483
2170
887
7393
9827
3344
8646
8299
5338
2245
9984
4056
3593
2248
8677
5349
9844
436
3461
1843
5013
8585
6440
4891
7220
3657
2221
5114
7367
1540
1652
1203
3711
2539
4948
9890
2235
9947
4542
3925
8544
4526
4333
2137
6774
3010
7487
2970
9799
948
4813
1164
5885
6055
3106
1263
4628
4572
8630
6169
6224
6185
6232
5115
1134
6122
7350
7433
664
7628
5977
1542
1961
8114
4669
1324
1953
7639
1123
9254
8805
2287
1491
58
4694
4597
7673
9323
9170
6304
1844
5394
8841
8076
6862
6327
550
4212
3760
7567
1840
9737
9109
154
4204
130
1478
2509
7770
8953
8115
2927
1240
9607
2985
2286
659
7961
9726
3315
9805
1473
8508
7881
8335
4836
4784
8899
2351
7092
1038
1460
1594
7943
8724
4103
2065
7677
2219
4992
5269
1826
4329
3907
2382
1340
1869
8461
4655
8026
9934
9516
2260
4621
704
7044
3520
5652
9395
612
6690
7207
4210
4636
5150
2934
8740
7215
6963
7311
2207
8584
5489
2889
2492
4223
4229
713
2684
5237
8739
8970
4753
999
3591
5457
4395
3464
1109
3790
4076
4152
4639
8788
8852
3880
6068
889
7543
4627
9473
9384
3868
8317
3608
8098
9030
6292
3335
4122
1615
8088
5206
3545
5869
8670
1006
6011
9099
1510
3361
3738
6651
2214
7663
6883
4634
4904
4427
5613
730
3811
9482
9047
3771
7580
4430
6416
915
8552
8031
5355
6377
3237
5252
2246
8260
2610
8258
7359
4121
7971
7449
772
6537
5112
7655
1171
6369
8434
3137
7099
8598
8971
6146
2369
6551
6928
8785
3818
1832
3168
5525
8210
6406
777
456
4666
3387
5066
8377
3860
9390
5826
4632
5927
7290
8640
3451
3659
3426
6588
7110
2024
1911
9609
746
4814
5883
8632
8370
509
6580
5458
1286
3388
6476
1025
4807
1205
4886
4197
3383
5870
673
862
9927
685
4289
2867
7795
6313
4778
3756
7059
9592
294
9295
4576
5016
8347
5085
7948
3805
2723
7688
6633
3749
2495
7838
4987
3044
1221
857
9521
8246
1720
9448
5283
2361
8668
9431
8674
9798
3187
2086
9391
9833
1381
319
4849
9728
1757
9149
9885
4480
6838
2870
4581
9333
7060
9568
8730
8281
6778
8251
2879
4850
4051
4515
7211
9071
3946
2237
8870
7133
675
8261
3319
8408
4932
4520
4488
6689
3670
4373
1170
508
3595
2103
6193
655
8024
4923
5288
4802
9526
8168
6004
9930
9035
3215
9001
2981
1804
7871
6466
2480
2484
9785
888
7417
4306
5377
4106
4328
6102
1628
9698
3732
7381
353
8108
8657
2910
8183
6514
5266
8113
5549
4833
7115
8530
6637
4986
1348
9117
3823
7486
6
1792
1735
1698
6120
7837
9679
7308
3887
9763
4689
4241
3346
2587
7882
9101
2399
2347
4650
7232
9462
9532
3869
801
880
9339
4624
8366
9345
2216
6510
7432
3914
8982
2642
9157
3356
7332
9750
1227
7030
2337
8360
1264
7790
7111
3612
8792
4343
9426
8324
4565
227
5556
3904
275
9601
3419
7033
7334
8472
2302
7279
1114
7811
636
4798
3913
8215
1829
6250
2928
392
39
3057
9184
735
5300
9063
9417
9204
267
6044
3686
9181
5838
7372
7653
4492
4652
5120
2304
1640
9918
6217
6207
8099
8820
9135
7545
9212
9175
6954
4749
9910
9438
8609
1562
4854
4378
766
5121
422
5923
5159
5956
1761
2532
3609
2605
3536
8729
4909
1528
5000
7479
7735
3099
2651
6871
644
2398
7599
2964
8660
3389
1574
6574
8243
5952
7340
9716
2727
3263
4876
8683
1376
8644
3981
3648
3726
5243
5176
8726
2722
9263
1825
1725
2486
8822
9940
4884
6421
2905
9896
6162
831
6470
4406
3135
162
5862
9777
5350
4545
1153
9110
3190
1487
2758
6916
6730
4286
5642
5804
3550
3819
7529
6036
2641
3821
7273
9062
6726
7169
1577
3909
9992
5983
7045
6506
6457
2907
6284
8160
7453
3789
7270
6995
5276
6381
3911
8358
667
5905
4162
4217
9724
8043
6606
2366
1865
3879
7780
4943
7400
9357
8853
7392
1692
2250
251
4502
5157
6535
2662
8962
324
5957
2665
9868
311
9685
2125
826
3902
1850
5221
4216
3438
739
8348
4734
8140
7706
9939
1884
5750
2189
2135
252
7346
2914
2661
5347
5551
8618
7300
8216
4839
7611
7901
6964
8437
8156
5166
11
5734
3449
5756
4083
3896
8141
8122
2132
3891
4268
4144
4010
9290
3410
6671
4637
5313
1641
1937
3530
6480
5901
7783
9797
690
2291
4963
7050
4151
9416
1133
8686
3312
9274
6809
1796
9517
3472
6064
13
3834
9776
6857
5089
8499
8282
8619
1331
4183
2755
7480
4873
5046
8796
5575
2354
5846
6078
1770
3331
4764
1434
7925
9583
8474
7750
5647
8488
7936
7354
8264
4794
3699
3353
9645
1981
8325
7328
2516
1080
4809
7389
2478
3605
9316
5803
1746
2955
9134
2863
742
8091
7140
6677
6565
1242
2324
5053
9179
6031
9669
3973
9730
3023
3618
8063
7298
6931
8780
2107
4320
1258
2064
9989
2443
4219
8087
1751
950
8845
7796
4443
5522
714
5685
4198
2119
4864
229
1789
5189
6311
4812
4374
2512
2458
1305
1292
1978
2550
2982
8319
1346
7201
3097
6907
61
1942
4703
4504
3816
5417
189
8014
3889
1406
8244
5678
6595
907
6842
1755
1634
9354
565
9291
6998
1482
1269
5900
4464
5940
8018
8699
6695
4925
8760
8637
5980
9616
2453
6157
468
1639
7563
5064
7317
511
5971
4159
7605
9865
